1.862125219000000016e+03
1.985900000000000091e+03
1.995000000000000000e+03
2.000000000000000000e+03
2.008000000000000000e+03
2.009000000000000000e+03
2.010000000000000000e+03
2.011799999999999955e+03
2.012000000000000000e+03
2.012900000000000091e+03
2.014000000000000000e+03
2.014799999999999955e+03
2.015000000000000000e+03
2.015200000000000045e+03
2.016000000000000000e+03
2.016400000000000091e+03
2.017000000000000000e+03
2.018000000000000000e+03
2.018099999999999909e+03
2.019099999999999909e+03
2.019700000000000045e+03
2.020000000000000000e+03
2.020099999999999909e+03
2.020200000000000045e+03
2.020799999999999955e+03
2.023099999999999909e+03
